[182, 243, 58, 54, 230, 193, 70, 215, 152, 195, 203, 48, 55, 71, 214, 33, 154, 14, 13, 63, 182, 223, 213, 166, 218, 170, 184, 106, 175, 99]
[23, 197, 188, 56, 225, 67, 209, 22, 238, 52, 174, 104, 87, 251, 174, 65, 170, 228, 225, 95, 177, 77, 197, 7, 169, 220, 212, 197, 16, 79]
[56, 49, 33, 127, 48, 89, 72, 14, 4, 5, 33, 252, 158, 3, 175, 226, 67, 85, 225, 46, 32, 150, 83, 83, 238, 242, 244, 182, 13, 48]
[220, 89, 255, 184, 162, 197, 230, 197, 70, 63, 29, 154, 15, 98, 36, 99, 72, 132, 29, 93, 119, 241, 117, 163, 50, 190, 9, 24, 118, 44]
[174, 138, 41, 144, 160, 177, 250, 71, 253, 246, 96, 91, 140, 171, 136, 47, 241, 24, 76, 19, 241, 79, 244, 106, 102, 175, 75, 162, 88, 115]
[16, 243, 59, 172, 118, 129, 9, 182, 182, 63, 47, 68, 217, 136, 250, 213, 89, 254, 143, 185, 88, 117, 157, 175, 106, 149, 7, 153, 61, 138]
[126, 217, 17, 190, 225, 200, 5, 61, 88, 208, 95, 205, 192, 173, 83, 63, 94, 116, 65, 10, 1, 125, 146, 248, 52, 110, 198, 239, 155, 221]
[23, 242, 160, 83, 155, 68, 179, 223, 191, 76, 35, 2, 122, 113, 149, 215, 228, 184, 67, 195, 17, 225, 117, 189, 40, 9, 142, 143, 213, 38]
[209, 83, 202, 13, 241, 114, 141, 155, 112, 36, 69, 125, 25, 106, 13, 78, 99, 199, 46, 151, 218, 6, 97, 194, 79, 240, 124, 111, 43, 181]
[186, 110, 92, 197, 94, 41, 125, 234, 193, 68, 82, 232, 129, 152, 86, 133, 117, 238, 6, 24, 105, 77, 205, 46, 216, 69, 195, 109, 72, 113]
[249, 237, 9, 149, 192, 37, 241, 149, 176, 148, 161, 124, 32, 36, 247, 44, 114, 152, 199, 138, 202, 49, 177, 133, 245, 65, 174, 199, 250, 148]
[123, 98, 140, 251, 52, 132, 91, 62, 242, 103, 210, 160, 173, 41, 106, 52, 159, 220, 255, 69, 169, 17, 229, 176, 81, 137, 191, 193, 110, 28]
[71, 146, 231, 200, 32, 218, 151, 79, 226, 223, 13, 214, 97, 158, 170, 115, 52, 249, 128, 42, 252, 36, 8, 7, 83, 224, 2, 108, 154, 248]
[212, 107, 112, 85, 43, 215, 47, 69, 131, 197, 49, 240, 179, 70, 173, 104, 109, 55, 46, 154, 175, 253, 19, 128, 111, 213, 103, 81, 4, 6]
[196, 109, 100, 38, 135, 139, 90, 6, 229, 105, 164, 241, 244, 77, 172, 192, 120, 30, 98, 238, 251, 56, 105, 199, 73, 113, 211, 135, 15, 162]
[178, 171, 173, 103, 173, 176, 150, 122, 102, 136, 64, 28, 108, 201, 251, 181, 69, 3, 94, 16, 39, 211, 235, 182, 194, 203, 62, 133, 21, 57]
[133, 246, 50, 87, 49, 97, 111, 241, 184, 208, 139, 170, 33, 112, 245, 209, 59, 222, 215, 137, 126, 126, 9, 53, 104, 241, 42, 56, 28, 226]
[24, 69, 17, 197, 250, 179, 156, 194, 194, 67, 246, 154, 143, 110, 119, 236, 163, 128, 163, 173, 191, 35, 52, 5, 49, 62, 225, 57, 156, 205]
[24, 36, 90, 111, 155, 73, 7, 225, 240, 165, 21, 73, 10, 201, 121, 19, 55, 191, 140, 245, 58, 1, 68, 86, 67, 240, 159, 47, 106, 141]
[178, 70, 208, 134, 122, 158, 202, 114, 214, 77, 147, 177, 225, 43, 233, 166, 126, 158, 175, 101, 81, 6, 41, 17, 173, 69, 187, 209, 52, 208]
[156, 120, 166, 16, 241, 77, 245, 240, 255, 112, 89, 40, 26, 228, 97, 46, 125, 61, 243, 105, 14, 182, 105, 11, 83, 3, 86, 72, 219, 5]
[242, 209, 189, 149, 116, 207, 87, 155, 36, 161, 84, 105, 68, 73, 114, 153, 11, 60, 95, 106, 146, 238, 35, 78, 76, 163, 35, 172, 112, 63]
[224, 176, 213, 223, 170, 176, 36, 118, 75, 199, 31, 231, 67, 189, 141, 98, 247, 91, 183, 148, 179, 215, 233, 172, 27, 91, 231, 90, 153, 185]
[97, 87, 192, 32, 46, 146, 149, 232, 62, 93, 247, 34, 221, 98, 109, 217, 125, 192, 10, 252, 97, 167, 54, 21, 217, 172, 129, 16, 119, 40]
[58, 233, 61, 17, 92, 44, 1, 157, 11, 191, 45, 217, 155, 25, 42, 99, 179, 215, 250, 46, 43, 246, 117, 208, 48, 56, 126, 36, 163, 249]
[65, 61, 105, 101, 253, 103, 111, 71, 183, 222, 221, 3, 250, 251, 147, 46, 3, 65, 165, 168, 211, 172, 183, 144, 82, 93, 28, 203, 210, 111]
[253, 166, 117, 243, 163, 74, 11, 246, 219, 217, 200, 5, 126, 46, 7, 108, 106, 181, 156, 107, 208, 199, 199, 54, 37, 16, 83, 127, 28, 194]
[102, 62, 38, 207, 133, 6, 1, 250, 243, 44, 158, 231, 69, 63, 108, 116, 167, 87, 77, 58, 72, 88, 4, 208, 170, 86, 159, 50, 52, 129]
[85, 42, 32, 199, 233, 206, 22, 228, 254, 190, 11, 200, 248, 56, 36, 246, 168, 191, 153, 32, 181, 13, 217, 116, 62, 243, 186, 135, 91, 34]
[26, 118, 92, 240, 170, 254, 109, 210, 160, 231, 104, 163, 244, 245, 117, 172, 153, 214, 144, 56, 159, 57, 187, 204, 16, 126, 137, 58, 23, 19]
[160, 173, 166, 117, 128, 139, 189, 248, 131, 108, 85, 114, 231, 51, 53, 163, 122, 128, 166, 235, 150, 157, 240, 234, 165, 144, 2, 148, 181, 161]
[6, 122, 71, 214, 48, 17, 32, 172, 231, 120, 14, 33, 81, 96, 36, 3, 211, 206, 75, 243, 122, 101, 174, 202, 170, 75, 177, 198, 4, 193]

